5 0.414844 0.402315 0.120313 0.271296
0 0.965625 0.398148 0.068750 0.101852
0 0.854688 0.431019 0.086458 0.154630
2 0.753646 0.552315 0.164583 0.467593
2 0.529167 0.616667 0.111458 0.538889
2 0.967187 0.579630 0.064583 0.305556
2 0.640104 0.438426 0.047917 0.158333
1 0.209896 0.488889 0.273958 0.446296
2 0.913802 0.443519 0.085938 0.229630
2 0.576823 0.435185 0.044271 0.116667
5 0.209635 0.487037 0.274479 0.444444
4 0.210156 0.383333 0.064062 0.096296
0 0.209115 0.488889 0.275521 0.446296
2 0.447396 0.497222 0.066667 0.253704
