0 0.476562 0.623611 0.177083 0.225000
2 0.227865 0.516204 0.036979 0.126852
1 0.057552 0.476389 0.114062 0.184259
2 0.678646 0.620370 0.070833 0.157407
1 0.559115 0.509722 0.171354 0.117593
1 0.144271 0.475000 0.064583 0.146296
0 0.305729 0.523611 0.062500 0.084259
0 0.193490 0.489352 0.034896 0.060185
0 0.935677 0.710648 0.094271 0.143519
2 0.839323 0.662963 0.091146 0.177778
2 0.750521 0.652315 0.061458 0.145370
5 0.244010 0.485648 0.063021 0.076852
1 0.405729 0.499537 0.134375 0.106481
2 0.364063 0.534259 0.025000 0.079630
2 0.574479 0.600463 0.067708 0.113889
