5 0.874479 0.477778 0.250000 0.551852
0 0.436979 0.531944 0.137500 0.175000
2 0.214062 0.471296 0.034375 0.103704
0 0.057552 0.446296 0.068229 0.137037
0 0.111979 0.438889 0.058333 0.111111
1 0.470052 0.442593 0.142187 0.116667
0 0.278125 0.456944 0.055208 0.097222
1 0.356510 0.445833 0.120313 0.126852
0 0.274219 0.464815 0.059896 0.075926
5 0.202344 0.429630 0.063021 0.100000
0 0.154948 0.443519 0.030729 0.074074
2 0.588281 0.512963 0.056771 0.131481
2 0.329167 0.470833 0.020833 0.076852
2 0.692708 0.535185 0.085417 0.116667
