0 0.458594 0.597685 0.163021 0.202778
5 0.936979 0.650000 0.125000 0.594444
2 0.219792 0.520370 0.029167 0.092593
1 0.054948 0.466204 0.107813 0.171296
0 0.179167 0.476389 0.034375 0.065741
0 0.292708 0.510185 0.058333 0.081481
0 0.848958 0.660648 0.070833 0.123148
1 0.524479 0.495370 0.161458 0.125926
1 0.138281 0.462037 0.068229 0.140741
2 0.638542 0.602315 0.058333 0.115741
2 0.347396 0.519444 0.026042 0.079630
1 0.386719 0.491667 0.124479 0.120370
2 0.778125 0.631944 0.086458 0.165741
2 0.552344 0.580093 0.059896 0.113889
