0 0.522396 0.681944 0.228125 0.289815
1 0.064062 0.493519 0.127083 0.218519
2 0.971354 0.790741 0.056250 0.148148
2 0.767448 0.693056 0.074479 0.210185
0 0.338542 0.551389 0.075000 0.095370
1 0.169271 0.504167 0.083333 0.149074
2 0.243490 0.552778 0.036979 0.124074
0 0.226823 0.513426 0.038021 0.060185
2 0.894271 0.727778 0.095833 0.187037
2 0.638021 0.642130 0.033333 0.143519
2 0.826042 0.701852 0.076042 0.170370
1 0.459375 0.536574 0.151042 0.143519
5 0.274479 0.512963 0.063542 0.114815
1 0.641406 0.595370 0.205729 0.227778
