0 0.655990 0.638889 0.392188 0.516667
0 0.882552 0.497685 0.232813 0.358333
2 0.420312 0.463889 0.026042 0.109259
2 0.240885 0.520833 0.048438 0.167593
2 0.105990 0.895833 0.183854 0.195370
2 0.285417 0.503704 0.037500 0.138889
2 0.185417 0.524074 0.041667 0.125926
2 0.023958 0.600926 0.046875 0.240741
2 0.107292 0.702315 0.189583 0.575000
2 0.467708 0.452315 0.028125 0.099074
5 0.819271 0.331019 0.219792 0.158333
2 0.341667 0.492593 0.039583 0.151852
2 0.363802 0.465741 0.027604 0.094444
0 0.620313 0.365278 0.071875 0.060185
