0 0.446354 0.564815 0.147917 0.185185
5 0.901823 0.549074 0.195312 0.590741
0 0.281771 0.489352 0.057292 0.080556
0 0.165104 0.461111 0.034375 0.057407
5 0.212240 0.449537 0.070312 0.099074
0 0.290104 0.490741 0.039583 0.079630
0 0.380469 0.495833 0.077604 0.084259
1 0.119271 0.453241 0.064583 0.123148
2 0.530208 0.534722 0.040625 0.112037
2 0.215104 0.487963 0.032292 0.111111
1 0.500000 0.457870 0.155208 0.086111
1 0.046354 0.446296 0.081250 0.155556
2 0.339062 0.500463 0.032292 0.082407
1 0.368750 0.468981 0.137500 0.117593
2 0.611719 0.554630 0.054688 0.124074
2 0.730729 0.586111 0.080208 0.150000
