2 0.939583 0.397222 0.119792 0.361111
2 0.150260 0.690278 0.170313 0.602778
2 0.873437 0.394444 0.088542 0.259259
2 0.404687 0.444907 0.037500 0.137963
2 0.615104 0.440741 0.070833 0.309259
2 0.241667 0.513426 0.078125 0.225000
0 0.933333 0.695370 0.131250 0.583333
2 0.927604 0.502778 0.143750 0.238889
2 0.538021 0.440278 0.041667 0.186111
1 0.508594 0.380556 0.125521 0.220370
2 0.457813 0.442130 0.048958 0.193519
1 0.791667 0.331481 0.153125 0.233333
0 0.697135 0.423148 0.121354 0.201852
2 0.045312 0.621296 0.088542 0.344444
