5 0.495312 0.466204 0.088542 0.189815
0 0.424479 0.485648 0.058333 0.089815
2 0.557552 0.506481 0.055729 0.181481
4 0.085417 0.513889 0.021875 0.098148
2 0.148177 0.525926 0.033854 0.125926
2 0.325000 0.491667 0.050000 0.088889
2 0.261198 0.498611 0.026562 0.099074
4 0.059375 0.516667 0.025000 0.096296
2 0.680469 0.499537 0.046354 0.182407
2 0.364583 0.487963 0.027083 0.062963
2 0.314583 0.492130 0.027083 0.082407
0 0.392188 0.468519 0.028125 0.040741
4 0.070833 0.513889 0.019792 0.096296
2 0.184635 0.519444 0.042188 0.140741
