5 0.845833 0.376389 0.307292 0.641667
0 0.439323 0.457407 0.115104 0.148148
4 0.021875 0.447222 0.042708 0.175926
2 0.658073 0.436574 0.071354 0.104630
5 0.345833 0.389352 0.097917 0.119444
1 0.447917 0.383333 0.135417 0.150000
0 0.160677 0.402315 0.034896 0.052778
2 0.228125 0.436111 0.027083 0.077778
1 0.344792 0.388889 0.096875 0.116667
2 0.328125 0.413426 0.019792 0.065741
4 0.034635 0.443519 0.026562 0.175926
0 0.283073 0.407407 0.054688 0.083333
0 0.123438 0.408796 0.050000 0.097222
5 0.205990 0.388889 0.063021 0.092593
2 0.573698 0.427315 0.069271 0.102778
