2 0.941927 0.541204 0.115104 0.517593
5 0.438802 0.429167 0.119271 0.267593
1 0.144271 0.473611 0.119792 0.299074
1 0.302865 0.513889 0.216146 0.448148
1 0.726562 0.424074 0.136458 0.177778
2 0.652865 0.578241 0.104688 0.421296
1 0.872135 0.397222 0.177604 0.200000
2 0.516667 0.513426 0.051042 0.232407
2 0.572656 0.451389 0.033854 0.091667
2 0.834375 0.442593 0.025000 0.124074
2 0.579427 0.470370 0.028646 0.070370
1 0.145313 0.474074 0.120833 0.300000
2 0.695312 0.466667 0.051042 0.174074
2 0.862760 0.437037 0.028646 0.100000
