5 0.828125 0.493981 0.342708 0.984259
2 0.069271 0.720833 0.137500 0.543519
0 0.511198 0.567130 0.175521 0.258333
2 0.161719 0.581019 0.051562 0.210185
2 0.248698 0.548148 0.036979 0.148148
0 0.674219 0.493056 0.117188 0.187963
2 0.062500 0.593056 0.061458 0.171296
2 0.211198 0.550926 0.042188 0.138889
2 0.373698 0.498611 0.035937 0.102778
0 0.544531 0.415741 0.049479 0.048148
2 0.338802 0.518519 0.039062 0.135185
2 0.296354 0.524537 0.034375 0.128704
0 0.464583 0.433796 0.058333 0.076852
0 0.700781 0.445370 0.066146 0.090741
