0 0.585677 0.599074 0.285938 0.398148
0 0.841146 0.496759 0.311458 0.300926
2 0.246354 0.530556 0.040625 0.168519
2 0.292969 0.519444 0.031771 0.137037
2 0.195573 0.539815 0.043229 0.148148
5 0.950521 0.746296 0.097917 0.485185
2 0.081510 0.906019 0.161979 0.175000
2 0.080729 0.707407 0.160417 0.562963
2 0.421354 0.471759 0.026042 0.102778
0 0.612500 0.383333 0.063542 0.061111
5 0.842187 0.497685 0.312500 0.297222
5 0.773698 0.382870 0.188021 0.199074
0 0.950521 0.742593 0.097917 0.487037
2 0.342187 0.508333 0.037500 0.138889
